-8.565557003021240234e-02 6.120165586471557617e-01 7.019663453102111816e-01 -1.963709831237792969e+00 -4.526046216487884521e-01 1.918426156044006348e-02 -1.778782606124877930e-01 -2.586247920989990234e-01 -3.781858682632446289e-01 -3.025308549404144287e-01
2.134506702423095703e-01 -7.910845875740051270e-01 -7.305456399917602539e-01 4.258393645286560059e-01 2.367524802684783936e-01 2.507777214050292969e-01 -4.089760035276412964e-02 -2.078558690845966339e-02 -2.356364391744136810e-02 1.051840186119079590e-01
6.097592711448669434e-01 3.719751238822937012e-01 -3.328659236431121826e-01 5.811001658439636230e-01 -1.069452404975891113e+00 2.715022563934326172e-01 -1.233707547187805176e+00 6.946588307619094849e-02 -7.289982438087463379e-01 2.228488028049468994e-01
2.682383656501770020e-01 -4.024475514888763428e-01 8.609178662300109863e-01 6.677501797676086426e-01 -1.017040848731994629e+00 -9.153943061828613281e-01 -2.434727996587753296e-01 1.102809384465217590e-01 -7.407145500183105469e-01 -1.275498747825622559e+00
-1.548280119895935059e+00 1.567782163619995117e-01 -4.162121117115020752e-01 3.195363879203796387e-01 5.547744408249855042e-02 -2.923403084278106689e-01 -7.618809938430786133e-01 2.714788019657135010e-01 3.616881966590881348e-01 -1.272377520799636841e-01
4.170861840248107910e-01 6.303766369819641113e-01 -1.301078557968139648e+00 -2.128359556198120117e+00 -2.420025467872619629e-01 5.659331679344177246e-01 -9.545001387596130371e-02 -5.056858062744140625e-02 -1.736472360789775848e-02 -1.156330201774835587e-02
3.072466515004634857e-02 -6.622450947761535645e-01 2.940897941589355469e-01 -7.161494344472885132e-03 -7.809814810752868652e-01 3.449639379978179932e-01 2.255567461252212524e-01 1.193500906229019165e-01 6.509721875190734863e-01 -6.954819560050964355e-01
-8.237886428833007812e-01 -2.737194597721099854e-01 -5.552262067794799805e-01 3.495065569877624512e-01 -4.388156235218048096e-01 -3.474269807338714600e-01 -6.796784996986389160e-01 2.965218424797058105e-01 2.218921780586242676e-01 2.165519595146179199e-01
1.985743194818496704e-01 -4.816201925277709961e-01 5.883746147155761719e-01 9.264761209487915039e-02 -8.052877187728881836e-01 3.132381737232208252e-01 -1.841470003128051758e-01 3.047532439231872559e-01 -1.149824380874633789e+00 -1.624667525291442871e+00
-4.865135252475738525e-01 -2.050669640302658081e-01 6.238556504249572754e-01 3.623188734054565430e-01 3.112848997116088867e-01 -1.179636240005493164e+00 -8.105053305625915527e-01 2.428298890590667725e-01 2.891472578048706055e-01 -3.727505728602409363e-02
-7.148035764694213867e-01 -8.915206044912338257e-02 -2.486116737127304077e-01 -4.971314370632171631e-01 -3.621201813220977783e-01 2.767959833145141602e-01 -7.348398566246032715e-01 -5.201649069786071777e-01 3.874532878398895264e-01 2.672876119613647461e-01
6.036642789840698242e-01 -9.744701981544494629e-01 4.213561713695526123e-01 -8.557005524635314941e-01 -3.767759501934051514e-01 3.216060400009155273e-01 -1.014267086982727051e+00 2.232952415943145752e-01 -2.580011487007141113e-01 2.082165330648422241e-01
-3.009658157825469971e-01 -1.210599422454833984e+00 -5.428724288940429688e-01 -5.448255538940429688e-01 2.095428854227066040e-01 3.591558933258056641e-01 3.362915217876434326e-01 -4.481944069266319275e-02 1.236621588468551636e-01 1.524176895618438721e-01
-1.317803263664245605e+00 2.018945515155792236e-01 5.164731740951538086e-01 3.262898325920104980e-01 -1.740451157093048096e-01 -9.600794315338134766e-01 -5.321494936943054199e-01 5.086912512779235840e-01 2.243747264146804810e-01 -1.543248891830444336e+00
-2.845436148345470428e-02 3.025260269641876221e-01 -6.213526725769042969e-01 -8.125748485326766968e-02 4.427037835121154785e-01 3.400208353996276855e-01 3.592974841594696045e-01 -6.722423434257507324e-01 1.070125699043273926e-01 -7.968086004257202148e-01
-1.058619856834411621e+00 5.308325886726379395e-01 -3.783556520938873291e-01 -8.520749807357788086e-01 3.764314651489257812e-01 -4.907499849796295166e-01 -1.563617229461669922e+00 2.129322104156017303e-02 -4.411825537681579590e-01 3.133082389831542969e-01
3.137127757072448730e-01 -5.567097067832946777e-01 -5.456625819206237793e-01 8.927972316741943359e-01 -3.429729640483856201e-01 2.344357781112194061e-02 -2.554301619529724121e-01 1.130238175392150879e+00 -1.318151116371154785e+00 -1.672992467880249023e+00
4.457787871360778809e-01 -4.035629928112030029e-01 5.056903362274169922e-01 -6.851686835289001465e-01 -1.343078166246414185e-02 -8.661054372787475586e-01 3.071648478507995605e-01 4.217743873596191406e-01 3.611080348491668701e-01 -6.085848808288574219e-01
-2.751421630382537842e-01 1.516805142164230347e-01 5.121444463729858398e-01 -6.546134948730468750e-01 3.812922835350036621e-01 -5.569534301757812500e-01 -4.967814981937408447e-01 -2.053208202123641968e-01 -1.836473822593688965e+00 3.500686585903167725e-01
-1.625569760799407959e-01 -1.456717729568481445e+00 1.693840920925140381e-01 -6.365798711776733398e-01 1.763009279966354370e-01 -4.894730150699615479e-01 4.502612352371215820e-01 -1.327355384826660156e+00 -6.309267282485961914e-01 5.112020969390869141e-01
2.257118374109268188e-01 -9.065380692481994629e-01 4.898899197578430176e-01 -4.321978688240051270e-01 9.437867999076843262e-02 -5.185616016387939453e-01 -6.514603495597839355e-01 5.798479914665222168e-01 -3.915408253669738770e-01 2.853239774703979492e-01
-9.115706384181976318e-02 1.295562535524368286e-01 4.017051458358764648e-01 -1.230493426322937012e+00 3.308497369289398193e-01 -8.468975424766540527e-01 7.071688771247863770e-01 3.669580519199371338e-01 2.681150734424591064e-01 -1.230061054229736328e+00
1.724286824464797974e-01 3.351797461509704590e-01 1.201982423663139343e-01 3.034327924251556396e-01 -4.181863069534301758e-01 -6.490594744682312012e-01 -5.796583890914916992e-01 2.547045052051544189e-01 -1.361275464296340942e-01 -6.845592856407165527e-01
-1.043228864669799805e+00 3.610182404518127441e-01 2.703573405742645264e-01 -5.077032446861267090e-01 -2.902766168117523193e-01 1.447916496545076370e-02 4.867582023143768311e-01 -7.793058753013610840e-01 2.201888710260391235e-02 -2.681676745414733887e-01
2.989446818828582764e-01 4.979791585355997086e-03 -7.418374419212341309e-01 7.009897232055664062e-01 -6.854501962661743164e-01 1.914729177951812744e-01 -3.016758859157562256e-01 -4.318296015262603760e-01 7.227724790573120117e-02 3.613429665565490723e-01
-1.261859238147735596e-01 -6.094381213188171387e-01 -6.819797158241271973e-01 9.038511663675308228e-02 4.366515874862670898e-01 3.353805840015411377e-01 9.507469832897186279e-03 2.219427376985549927e-01 -3.992420136928558350e-01 -7.003388404846191406e-01
-7.618991732597351074e-01 2.294900715351104736e-01 7.788521051406860352e-02 2.519426047801971436e-01 1.935661584138870239e-02 5.079412832856178284e-03 -2.062393277883529663e-01 -7.736744880676269531e-01 -9.272972494363784790e-02 3.292218744754791260e-01
-1.688454300165176392e-02 -3.737832605838775635e-02 2.787301838397979736e-01 2.194952219724655151e-02 -8.293715715408325195e-01 -1.088077545166015625e+00 -1.789204925298690796e-01 -2.812967896461486816e-01 -4.154781401157379150e-01 4.505300521850585938e-01
-9.814779758453369141e-01 2.137175500392913818e-01 1.899761110544204712e-01 -2.412888407707214355e-01 2.680089175701141357e-01 -2.400662750005722046e-01 3.286710083484649658e-01 -1.253206491470336914e+00 4.618228375911712646e-01 -4.421080350875854492e-01
-4.224619269371032715e-01 1.670921295881271362e-01 2.056151777505874634e-01 -3.194176554679870605e-01 -1.264326214790344238e+00 -1.261784788221120834e-02 -6.876279413700103760e-02 -1.217350289225578308e-01 5.527714490890502930e-01 -3.412517905235290527e-01
2.480118721723556519e-01 -9.049926996231079102e-01 -2.258641868829727173e-01 -8.663238026201725006e-03 -5.705526471138000488e-01 6.436285972595214844e-01 1.872228235006332397e-01 4.242802411317825317e-02 2.750548422336578369e-01 -4.633036255836486816e-01
-1.330615878105163574e+00 -7.996875643730163574e-01 3.354516327381134033e-01 5.889189839363098145e-01 -7.716197967529296875e-01 -7.700372487306594849e-02 5.244588255882263184e-01 -1.009370908141136169e-01 -1.001253485679626465e+00 2.018701285123825073e-01
3.959308564662933350e-01 -1.020414978265762329e-01 -3.796549737453460693e-01 -9.473655223846435547e-01 -4.255377948284149170e-01 -3.660887777805328369e-01 -7.357473671436309814e-02 -4.290175437927246094e-01 4.817508459091186523e-01 2.931931316852569580e-01
-1.736089825630187988e+00 2.038952708244323730e-01 2.530634403228759766e-01 3.295051455497741699e-01 3.384737372398376465e-01 3.187361657619476318e-01 -1.514564752578735352e+00 -9.997690916061401367e-01 1.895441710948944092e-01 -2.116745337843894958e-02
1.231561377644538879e-01 -5.142163634300231934e-01 2.769996523857116699e-01 3.125678002834320068e-01 -3.918513357639312744e-01 3.207165300846099854e-01 6.893533468246459961e-02 7.719281315803527832e-02 3.167896866798400879e-01 -7.215848565101623535e-01
8.366046845912933350e-02 8.904293775558471680e-01 -1.504631340503692627e-01 -9.185886383056640625e-01 -9.314115643501281738e-01 -4.997852817177772522e-02 3.217619061470031738e-01 2.956983745098114014e-01 -1.064996480941772461e+00 -1.234682798385620117e+00
-4.938299357891082764e-01 5.216564536094665527e-01 1.495285034179687500e-01 -2.590683400630950928e-01 -7.424507737159729004e-01 3.032897412776947021e-01 -1.357570409774780273e+00 5.542638525366783142e-02 7.961373776197433472e-02 3.189545869827270508e-01
1.514923721551895142e-01 -8.345829844474792480e-01 -2.804771363735198975e-01 2.877511456608772278e-02 5.268475413322448730e-01 -4.287399053573608398e-01 -5.538819432258605957e-01 4.477259516716003418e-02 3.039110600948333740e-01 2.162659168243408203e-01
-1.138289451599121094e+00 -2.124598473310470581e-01 2.003995031118392944e-01 2.963124811649322510e-01 -6.318722963333129883e-01 3.946858644485473633e-01 5.429108068346977234e-02 -9.070872664451599121e-01 -7.403247058391571045e-02 1.297244876623153687e-01
-8.522715568542480469e-01 5.468761324882507324e-01 7.722640782594680786e-02 -3.207629323005676270e-01 4.275756180286407471e-01 4.569241311401128769e-03 -2.536011040210723877e-01 -2.838680148124694824e-01 3.073589801788330078e-01 -5.333628058433532715e-01
-3.856284618377685547e-01 -2.387086749076843262e-01 -1.909163594245910645e+00 -4.015489816665649414e-01 -8.584992289543151855e-01 4.829911589622497559e-01 -4.429851770401000977e-01 -7.486591935157775879e-01 5.574647784233093262e-01 7.309626936912536621e-01
-7.572886943817138672e-01 -8.142608404159545898e-01 -2.862657792866230011e-02 -1.146485567092895508e+00 3.135067224502563477e-01 2.936375439167022705e-01 -8.350813984870910645e-01 4.382401406764984131e-01 4.851044416427612305e-01 -2.708718478679656982e-01
-5.833297967910766602e-01 -1.285818517208099365e-01 -1.659746527671813965e+00 -1.358309030532836914e+00 -7.871554493904113770e-01 5.584725141525268555e-01 7.170615196228027344e-01 -1.076954510062932968e-02 -4.357115179300308228e-02 5.624845027923583984e-01
-9.642685949802398682e-02 -7.320352792739868164e-01 4.430014491081237793e-01 -7.746662497520446777e-01 -2.170883566141128540e-01 5.478054285049438477e-03 -5.093671381473541260e-02 -9.248653054237365723e-01 2.543241679668426514e-01 1.990497261285781860e-01
-7.706880569458007812e-02 -7.549321055412292480e-01 -5.987870097160339355e-01 -1.134182810783386230e-01 4.946513473987579346e-02 -1.220649853348731995e-01 -1.033527031540870667e-01 9.373290836811065674e-02 5.099887251853942871e-01 1.290952712297439575e-01
-1.018976569175720215e+00 2.777954749763011932e-02 -3.224680721759796143e-01 4.635789245367050171e-02 3.436919450759887695e-01 -2.180322855710983276e-01 -3.678187131881713867e-01 -1.202851295471191406e+00 6.562569737434387207e-01 -2.819539606571197510e-01
3.222360014915466309e-01 -6.018072366714477539e-01 -4.062791764736175537e-01 1.636904180049896240e-01 -1.336053609848022461e+00 -3.485958278179168701e-01 5.661976933479309082e-01 -6.485416740179061890e-02 5.978402495384216309e-01 1.781870424747467041e-01
-1.419886648654937744e-01 -8.409848809242248535e-01 -1.634288191795349121e+00 -2.654220163822174072e-01 8.211680650711059570e-01 8.178697824478149414e-01 1.013447567820549011e-01 2.732590734958648682e-01 -1.561619997024536133e+00 -4.264250099658966064e-01
8.980031609535217285e-01 -6.375927329063415527e-01 7.292702198028564453e-01 1.565542221069335938e-01 -1.699018001556396484e+00 1.141870841383934021e-01 -8.472165465354919434e-01 3.680100440979003906e-01 -8.719863295555114746e-01 -9.117434620857238770e-01
3.234928548336029053e-01 -6.631619930267333984e-01 -2.247575521469116211e-01 6.117821931838989258e-01 3.883773088455200195e-01 -3.421932756900787354e-01 -8.167136907577514648e-01 2.415472641587257385e-02 4.969822242856025696e-02 4.095213860273361206e-02
9.495155513286590576e-02 -4.633900523185729980e-02 5.140438675880432129e-01 -2.289973199367523193e-01 4.344707429409027100e-01 -4.756433665752410889e-01 2.090137898921966553e-01 -7.079980969429016113e-01 1.071636974811553955e-01 -2.759117186069488525e-01
-2.029032945632934570e+00 5.649589300155639648e-01 8.967321515083312988e-01 -6.221041083335876465e-01 -1.163424015045166016e+00 9.620862603187561035e-01 -8.915765285491943359e-01 5.010454058647155762e-01 -8.852641582489013672e-01 -1.445869088172912598e+00
-4.345434010028839111e-01 7.218601554632186890e-02 -2.819030284881591797e-01 8.901282399892807007e-02 -3.097531795501708984e-01 -4.213640093803405762e-01 -6.268835067749023438e-01 -2.062337249517440796e-01 2.503630518913269043e-01 3.277586400508880615e-01
6.203188896179199219e-01 -8.241411298513412476e-02 2.978814244270324707e-01 3.414555490016937256e-01 -8.413717746734619141e-01 -1.687590122222900391e+00 -1.199215054512023926e-01 2.505834698677062988e-01 -7.687766551971435547e-01 3.190745115280151367e-01
-8.448688387870788574e-01 -9.812016040086746216e-02 5.779815316200256348e-01 2.554970979690551758e-01 -1.784145236015319824e-01 -4.136387705802917480e-01 3.504554033279418945e-01 -5.153263807296752930e-01 1.737400889396667480e-02 -2.549804449081420898e-01
-1.162897944450378418e+00 -5.580838918685913086e-01 -9.783990383148193359e-01 6.285982131958007812e-01 -3.249134868383407593e-03 2.399355769157409668e-01 -1.443389773368835449e+00 4.016092717647552490e-01 -3.935295715928077698e-02 6.689615547657012939e-03
2.337451279163360596e-01 -2.088125944137573242e-01 3.012734353542327881e-01 1.269430816173553467e-01 -8.585361838340759277e-01 -1.384379714727401733e-01 1.866452544927597046e-01 -8.516865372657775879e-01 5.992069840431213379e-01 -1.240747049450874329e-01
-9.754869937896728516e-01 -9.577961172908544540e-04 -8.308162093162536621e-01 5.776973962783813477e-01 -7.527059316635131836e-02 5.800071954727172852e-01 8.994221687316894531e-02 2.598906457424163818e-01 -2.937140166759490967e-01 8.755619078874588013e-02
-2.089110851287841797e+00 -4.771630764007568359e-01 -1.688794016838073730e+00 8.868142962455749512e-01 5.037658214569091797e-01 3.935895264148712158e-01 -2.246419906616210938e+00 -2.591977119445800781e-01 -2.175396919250488281e+00 7.087226510047912598e-01
-7.094472646713256836e-01 -1.882474720478057861e-01 -6.371295452117919922e-01 1.972445845603942871e-01 -4.610556662082672119e-01 -1.253978312015533447e-01 3.033585250377655029e-01 -3.079683333635330200e-02 6.626704335212707520e-01 -3.614291548728942871e-02
-2.039493024349212646e-01 -6.624656319618225098e-01 -9.005106985569000244e-02 -3.232080042362213135e-01 1.033115833997726440e-01 -7.244288176298141479e-02 -6.230869889259338379e-01 -5.903469324111938477e-01 -2.064710017293691635e-03 3.998959362506866455e-01
-9.278552532196044922e-01 3.812994658946990967e-01 3.365322053432464600e-01 -4.675093591213226318e-01 -1.084998965263366699e+00 5.889216661453247070e-01 2.708826363086700439e-01 -5.426775217056274414e-01 2.196042388677597046e-01 -1.234301567077636719e+00
3.274615108966827393e-01 1.776175200939178467e-01 4.222114384174346924e-01 -5.395751595497131348e-01 -3.070103824138641357e-01 2.256199419498443604e-01 1.862690001726150513e-01 -7.361844182014465332e-01 -2.775544524192810059e-01 -9.438294768333435059e-01
3.147258162498474121e-01 -1.444104313850402832e-01 -3.061339855194091797e-01 -4.256402254104614258e-01 1.257959101349115372e-02 4.849036335945129395e-01 -7.028940320014953613e-01 -1.087250933051109314e-01 -1.435000181198120117e+00 6.911275982856750488e-01
-1.079855799674987793e+00 4.020522832870483398e-01 9.098886251449584961e-01 3.901586234569549561e-01 2.366370111703872681e-01 -1.650348544120788574e+00 -6.244094967842102051e-01 5.986963957548141479e-02 -5.114390850067138672e-01 -1.447605013847351074e+00
4.675023257732391357e-03 -1.126242205500602722e-01 6.727206110954284668e-01 -3.946492969989776611e-01 8.668386936187744141e-02 -3.759934902191162109e-01 -7.634540200233459473e-01 3.093100786209106445e-01 9.779648482799530029e-02 -1.411304026842117310e-01
-7.307146787643432617e-01 4.638068675994873047e-01 1.017374098300933838e-01 -6.339138746261596680e-02 -3.636071383953094482e-01 3.313338160514831543e-01 3.886448442935943604e-01 2.495694309473037720e-01 -3.607141599059104919e-02 -1.498727083206176758e+00
5.071303248405456543e-01 3.822990059852600098e-01 -9.283055365085601807e-02 3.160196542739868164e-02 -1.504132032394409180e+00 2.503016591072082520e-01 1.260484457015991211e-01 -9.028010964393615723e-01 4.064213633537292480e-01 -5.856646895408630371e-01
4.430375620722770691e-02 3.089905083179473877e-01 3.500616252422332764e-01 3.312574625015258789e-01 -4.319602847099304199e-01 -6.420058608055114746e-01 -1.333291530609130859e+00 2.951770424842834473e-01 -9.028381705284118652e-01 3.261857330799102783e-01
-3.780674636363983154e-01 -7.686595916748046875e-01 5.770592689514160156e-01 -4.628056883811950684e-01 4.033953323960304260e-02 -5.525753498077392578e-01 -9.528861194849014282e-02 6.244511008262634277e-01 -3.700945675373077393e-01 -1.876153051853179932e-01
-1.200184449553489685e-01 -3.984645009040832520e-01 4.412592947483062744e-01 -7.110540270805358887e-01 7.109494209289550781e-01 -5.183098912239074707e-01 1.017623841762542725e-01 -5.567370653152465820e-01 -5.727762356400489807e-02 -6.984416246414184570e-01
6.746079027652740479e-02 -7.034382820129394531e-01 -5.487022399902343750e-01 2.576678693294525146e-01 9.695351868867874146e-02 -3.247427344322204590e-01 4.608021974563598633e-01 3.396100103855133057e-01 5.878911614418029785e-01 -8.455338478088378906e-01
5.799237489700317383e-01 7.421310991048812866e-02 -1.516478776931762695e+00 5.837743878364562988e-01 -1.425021529197692871e+00 6.797283887863159180e-01 -6.852939724922180176e-02 -1.262129783630371094e+00 -1.925555616617202759e-01 -4.174870848655700684e-01
-1.123631715774536133e+00 -1.107364416122436523e+00 -3.020467162132263184e-01 4.676744341850280762e-01 4.232034981250762939e-01 3.674600422382354736e-01 -2.109623193740844727e+00 5.191258788108825684e-01 -8.768876194953918457e-01 -3.214726448059082031e-01
3.231179416179656982e-01 -4.513761401176452637e-02 1.667097955942153931e-01 1.475756913423538208e-01 -3.732241094112396240e-01 -3.097100257873535156e-01 2.854524254798889160e-01 -7.481462955474853516e-01 6.009635329246520996e-02 5.327424407005310059e-01
2.737582623958587646e-01 1.623141914606094360e-01 2.578535676002502441e-01 1.810123920440673828e-01 3.988958299160003662e-01 -3.447053134441375732e-01 2.246322780847549438e-01 -6.984556317329406738e-01 -7.329832315444946289e-01 -1.665390133857727051e+00
2.565438747406005859e-01 1.199249103665351868e-01 6.110593080520629883e-01 -1.561984419822692871e-01 -1.342237114906311035e+00 8.621562123298645020e-01 -1.101584196090698242e+00 -5.466871857643127441e-01 -1.902959465980529785e+00 -2.593486756086349487e-02
2.327245771884918213e-01 -9.947061538696289062e-01 -1.838704198598861694e-01 -2.512461245059967041e-01 -6.088632345199584961e-02 -7.080855369567871094e-01 2.343278080224990845e-01 1.561194211244583130e-01 -1.849876902997493744e-02 7.512260973453521729e-02
2.299265414476394653e-01 -4.755004346370697021e-01 -7.445352673530578613e-01 5.625553056597709656e-02 5.116280913352966309e-01 1.572126746177673340e-01 -2.450582832098007202e-01 7.152783870697021484e-02 -6.394111514091491699e-01 -8.185972273349761963e-02
1.037184074521064758e-01 -4.339790344238281250e-01 -2.181372940540313721e-01 3.544656038284301758e-01 -3.096174895763397217e-01 -3.056795597076416016e-01 -5.752000808715820312e-01 1.534995585680007935e-01 -4.941620528697967529e-01 2.252913713455200195e-01
3.552559316158294678e-01 -4.460242092609405518e-01 -2.058129906654357910e-01 -4.924686849117279053e-01 3.103919625282287598e-01 -2.338491529226303101e-01 -1.178083717823028564e-01 3.166865408420562744e-01 -5.194138288497924805e-01 3.230108618736267090e-01
-8.645600639283657074e-03 4.429286122322082520e-01 1.056107059121131897e-01 -3.286693245172500610e-02 -3.809575140476226807e-01 -1.730460859835147858e-02 -2.228257209062576294e-01 9.316461533308029175e-02 4.815902113914489746e-01 -5.752216577529907227e-01
1.436932981014251709e-01 2.652122080326080322e-01 -2.033931255340576172e+00 -3.145601227879524231e-02 3.570670485496520996e-01 5.278684496879577637e-01 6.997836232185363770e-01 -1.522054076194763184e-01 -5.711575746536254883e-01 4.391124546527862549e-01
6.218351721763610840e-01 6.380797177553176880e-02 -7.944914698600769043e-01 -9.253316521644592285e-01 -8.521553874015808105e-01 -8.581019639968872070e-01 4.465789794921875000e-01 8.445164561271667480e-01 -1.268664598464965820e+00 -4.886336624622344971e-01
-6.177377104759216309e-01 -9.391535818576812744e-02 2.209390699863433838e-01 3.436836600303649902e-01 -8.943854570388793945e-01 5.404158234596252441e-01 2.282441258430480957e-01 -3.780389726161956787e-01 1.549043059349060059e-01 4.930199086666107178e-01
-4.655880630016326904e-01 2.583874166011810303e-01 -5.658087730407714844e-01 -1.579727679491043091e-01 4.076382517814636230e-01 -5.242753624916076660e-01 4.236064255237579346e-01 2.636375725269317627e-01 -1.232205107808113098e-01 1.585026383399963379e-01
-2.695629000663757324e-01 -2.844281792640686035e-01 6.340290904045104980e-01 -3.908711969852447510e-01 -4.001922532916069031e-02 3.236435651779174805e-01 -6.517977118492126465e-01 -8.561497330665588379e-01 -3.535693585872650146e-01 5.320920795202255249e-02
-7.187557220458984375e-01 3.572778105735778809e-01 -3.011512160301208496e-01 2.452702820301055908e-01 4.523718655109405518e-01 -8.023234009742736816e-01 -1.589276075363159180e+00 4.737595915794372559e-01 -2.466707080602645874e-01 -2.558925747871398926e-01
4.160308837890625000e-01 -1.408184915781021118e-01 -2.248934060335159302e-01 7.864960432052612305e-01 -9.873584508895874023e-01 3.208789601922035217e-02 -2.234009355306625366e-01 -5.146705508232116699e-01 -1.862315982580184937e-01 6.489396840333938599e-02
-2.039134740829467773e+00 -1.949224770069122314e-01 -1.658074259757995605e+00 6.857878565788269043e-01 2.291881442070007324e-01 5.027552843093872070e-01 -2.255066633224487305e+00 -9.956701993942260742e-01 -2.074922323226928711e+00 9.387062788009643555e-01
-8.698887228965759277e-01 -5.856727249920368195e-03 1.836653947830200195e-01 1.493161767721176147e-01 -6.613348722457885742e-01 -2.951975464820861816e-01 3.879537582397460938e-01 -9.317287057638168335e-02 -5.197309255599975586e-01 7.118403911590576172e-01
5.953776836395263672e-01 -1.803598999977111816e+00 -5.309717655181884766e-01 -1.406934499740600586e+00 -4.854672551155090332e-01 2.028234899044036865e-01 3.150141835212707520e-01 -5.456540584564208984e-01 -1.538227796554565430e-01 3.731011748313903809e-01
-1.061965301632881165e-01 1.224431768059730530e-01 -9.583711624145507812e-01 3.587352931499481201e-01 2.707246541976928711e-01 2.701454460620880127e-01 -6.524053215980529785e-01 1.126113757491111755e-01 1.672044768929481506e-02 -2.304470986127853394e-01
-1.006558537483215332e+00 -1.139705181121826172e-01 -5.292133688926696777e-01 -3.913045823574066162e-01 5.628843903541564941e-01 2.361625432968139648e-01 1.820516139268875122e-01 4.180482625961303711e-01 -7.115291953086853027e-01 -5.670880079269409180e-01
3.995881974697113037e-01 2.896495461463928223e-01 -1.715945750474929810e-01 -3.669445216655731201e-02 4.268355965614318848e-01 -1.300770282745361328e+00 -3.559951782226562500e-01 -6.783275008201599121e-01 3.010665178298950195e-01 1.269787997007369995e-01
1.555493772029876709e-01 8.169708251953125000e-01 2.545123398303985596e-01 -7.242013812065124512e-01 -4.084468781948089600e-01 -7.046711444854736328e-01 1.867287456989288330e-01 1.576859652996063232e-01 -8.044471740722656250e-01 2.048000097274780273e-01
4.152109622955322266e-01 -6.977890133857727051e-01 1.783892810344696045e-01 -7.506626248359680176e-01 -2.529688179492950439e-01 7.337387204170227051e-01 -3.060416877269744873e-01 1.942045837640762329e-01 1.872213557362556458e-02 2.770866751670837402e-01
3.368395864963531494e-01 3.743014335632324219e-01 -2.642834782600402832e-01 -4.368315637111663818e-01 2.653956711292266846e-01 -1.185104995965957642e-01 -3.503472208976745605e-01 -5.000138282775878906e-01 3.868762254714965820e-01 -3.750056028366088867e-01
-6.626278758049011230e-01 5.746945738792419434e-01 -3.424998223781585693e-01 -2.299807518720626831e-01 4.352983534336090088e-01 -1.117771983146667480e+00 7.548789978027343750e-01 5.749205946922302246e-01 -3.078176081180572510e-01 -1.075986027717590332e+00
-9.986011385917663574e-01 3.305436968803405762e-01 -9.434235095977783203e-02 -1.337191462516784668e-01 3.284115791320800781e-01 -1.680582404136657715e+00 -9.949812889099121094e-01 2.971205115318298340e-01 -3.876142203807830811e-02 1.837911158800125122e-01
3.916104435920715332e-01 1.137141346931457520e+00 -8.523132801055908203e-01 -1.065288305282592773e+00 -5.447297170758247375e-02 4.109549224376678467e-01 4.262001514434814453e-01 -7.414127141237258911e-02 -8.957573771476745605e-01 5.933735966682434082e-01
-7.650243043899536133e-01 -2.277238816022872925e-01 -3.976399004459381104e-01 3.674704730510711670e-01 1.663392782211303711e-01 -2.768269926309585571e-02 1.340696364641189575e-01 -7.429534196853637695e-01 1.601286679506301880e-01 2.287039756774902344e-01
3.701844811439514160e-01 -5.263254046440124512e-01 -5.329487919807434082e-01 9.904117882251739502e-02 -2.313774973154067993e-01 1.993733942508697510e-01 1.396718323230743408e-01 -1.857939362525939941e-01 -6.910277009010314941e-01 7.325218915939331055e-01
-5.338261649012565613e-02 -4.100989401340484619e-01 -6.722539663314819336e-01 -6.299830079078674316e-01 4.813450388610363007e-03 3.184972107410430908e-01 -1.193653643131256104e-01 -7.942051291465759277e-01 5.793934464454650879e-01 4.523041844367980957e-01
-1.809833645820617676e-01 4.870946705341339111e-01 2.298468202352523804e-01 -1.029222846031188965e+00 9.040799736976623535e-02 -1.634721279144287109e+00 -3.096061348915100098e-01 4.351542890071868896e-01 -8.890492320060729980e-01 3.472931981086730957e-01
1.243861019611358643e-01 -5.527439713478088379e-01 5.870084762573242188e-01 -5.933403968811035156e-01 2.706723511219024658e-01 4.546168744564056396e-01 1.857993304729461670e-01 -4.680737555027008057e-01 -1.136006355285644531e+00 -1.127577900886535645e+00
-5.678132772445678711e-01 1.233125030994415283e-01 -5.103817582130432129e-01 -7.038016617298126221e-02 -3.734465837478637695e-01 7.592914104461669922e-01 1.609082818031311035e-01 -5.531467795372009277e-01 2.871021330356597900e-01 -5.511143803596496582e-01
-8.053290098905563354e-02 -6.639952659606933594e-01 6.397176980972290039e-01 1.496683657169342041e-01 5.371767878532409668e-01 -4.683735370635986328e-01 7.829331606626510620e-02 -6.013507246971130371e-01 1.583239436149597168e-01 -3.980043828487396240e-01
-9.668188095092773438e-01 -1.016466140747070312e+00 1.266274452209472656e-01 7.542842626571655273e-02 -3.110740482807159424e-01 6.425262093544006348e-01 -4.002429246902465820e-01 3.800503313541412354e-01 1.026960089802742004e-01 5.514362826943397522e-02
-1.187864184379577637e+00 6.764957308769226074e-01 5.340330600738525391e-01 5.518441200256347656e-01 -1.813388347625732422e+00 -2.321022748947143555e-01 -1.792420983314514160e+00 9.062888622283935547e-01 -1.317420840263366699e+00 -1.841168880462646484e+00
-1.254362225532531738e+00 3.710162937641143799e-01 4.522325098514556885e-02 1.693790256977081299e-01 6.112411618232727051e-01 -7.865222096443176270e-01 -1.338880062103271484e+00 3.193821907043457031e-01 -1.699364036321640015e-01 -2.634830400347709656e-02
8.937393873929977417e-02 3.552620485424995422e-02 1.317975819110870361e-01 -8.714405298233032227e-01 3.207443654537200928e-01 -8.188300132751464844e-01 3.898229002952575684e-01 3.580453097820281982e-01 4.884415566921234131e-01 4.633252322673797607e-02
4.910587966442108154e-01 -2.681103348731994629e-01 -2.742580771446228027e-01 1.608444564044475555e-02 -1.071814060211181641e+00 6.071248650550842285e-01 2.902811169624328613e-01 -3.446436822414398193e-01 3.838758170604705811e-01 2.006733119487762451e-01
-1.300701349973678589e-01 5.457578301429748535e-01 2.245198786258697510e-01 1.304853707551956177e-01 -3.747439086437225342e-01 -3.999950289726257324e-01 -6.105504035949707031e-01 4.671989679336547852e-01 -5.896841287612915039e-01 1.016368269920349121e-01
-5.753622055053710938e-01 1.311337053775787354e-01 -4.369270801544189453e-01 -1.384880661964416504e+00 2.071468718349933624e-02 -6.973011046648025513e-02 6.999053955078125000e-01 -4.850737452507019043e-01 -6.714643836021423340e-01 3.587225377559661865e-01
1.187860146164894104e-01 6.437646150588989258e-01 -6.187239289283752441e-01 -6.754056811332702637e-01 3.731725513935089111e-01 2.886844873428344727e-01 4.728466868400573730e-01 8.762355446815490723e-01 -1.550688385963439941e+00 -1.461033225059509277e+00
-4.870038330554962158e-01 1.883452534675598145e-01 -2.459044158458709717e-01 -3.344364762306213379e-01 4.158856868743896484e-01 -2.002848088741302490e-01 3.229411542415618896e-01 -5.199298858642578125e-01 -3.054333925247192383e-01 -1.063401579856872559e+00
-3.676267862319946289e-01 2.746790647506713867e-01 2.821604162454605103e-02 -8.597093224525451660e-01 -2.810679748654365540e-02 6.401032805442810059e-01 5.477617383003234863e-01 3.647708296775817871e-01 -1.084453821182250977e+00 -1.010966658592224121e+00
-1.632267087697982788e-01 -5.144221186637878418e-01 -1.624618098139762878e-02 2.782731354236602783e-01 4.179841279983520508e-01 7.853328436613082886e-02 -6.470427513122558594e-01 -9.437301754951477051e-01 1.412545591592788696e-01 2.429783940315246582e-01
3.285057544708251953e-01 1.544088274240493774e-01 -8.334995508193969727e-01 -6.858142614364624023e-01 -4.899275302886962891e-02 -3.262901902198791504e-01 4.362556934356689453e-01 6.743759661912918091e-02 -4.967141747474670410e-01 -4.738790094852447510e-01
-2.526371479034423828e-01 6.888903677463531494e-02 -4.067932814359664917e-02 3.096965253353118896e-01 -4.633112251758575439e-01 -4.914476573467254639e-01 4.867998063564300537e-01 3.044897615909576416e-01 3.492602705955505371e-02 -1.101273059844970703e+00
-2.473262138664722443e-03 6.260033845901489258e-01 -5.010151267051696777e-01 -5.185019969940185547e-01 6.919161677360534668e-01 -7.995282411575317383e-01 4.495359063148498535e-01 -4.908162355422973633e-02 -1.128446698188781738e+00 -7.481625676155090332e-01
-8.624830245971679688e-01 -7.513400316238403320e-01 -3.396210074424743652e-01 -1.594282388687133789e+00 -2.431115508079528809e-01 1.207841277122497559e+00 -1.558719396591186523e+00 1.015407681465148926e+00 -1.106672406196594238e+00 -7.391253709793090820e-01
-7.457997202873229980e-01 -4.716195538640022278e-02 -1.432009100914001465e+00 -1.299669623374938965e+00 5.582257509231567383e-01 9.458802342414855957e-01 2.759408056735992432e-01 -5.757905170321464539e-02 -3.706503808498382568e-01 -3.471034467220306396e-01
5.211225152015686035e-01 1.887655556201934814e-01 -7.210035324096679688e-01 2.286351472139358521e-01 -7.426229119300842285e-01 6.048954725265502930e-01 3.666219115257263184e-01 -3.455623388290405273e-01 -1.095300912857055664e+00 -1.101021647453308105e+00
-2.861668467521667480e-01 7.306303083896636963e-02 -4.891365766525268555e-01 4.571326375007629395e-01 4.229582846164703369e-02 -3.270363807678222656e-01 -9.502162337303161621e-01 2.263857126235961914e-01 -4.870640039443969727e-01 3.115817606449127197e-01
3.520823717117309570e-01 4.050714969635009766e-01 2.882829606533050537e-01 3.797243833541870117e-01 -1.366312503814697266e+00 -9.858704805374145508e-01 -1.413909316062927246e+00 1.965248137712478638e-01 -4.207144379615783691e-01 4.367889165878295898e-01
-1.012264847755432129e+00 2.975409030914306641e-01 1.232159063220024109e-01 4.815610051155090332e-01 -2.770322561264038086e-02 -5.867231488227844238e-01 1.569564491510391235e-01 -6.105452775955200195e-01 -1.107477068901062012e+00 1.788608878850936890e-01
