-4.534544288850625438e-02
5.292506973677488236e-04
9.673296999840219848e-08
-1.484107917196090809e-01
-7.734815110430924741e-03
9.004152836814331428e-09
-2.000986168097299272e-03
-4.826859220296806473e-06
-6.502061334503075418e-06
1.047676510434300991e-07
6.320542658865923420e-09
-8.700085519213923355e-03
-3.339267588281705614e-04
-9.395739453547576352e-05
-8.836747062055373366e-05
0.000000000000000000e+00
-2.457219242715765611e-02
-2.008041762707394040e-01
-4.873634057072319392e-02
-4.748166375351758894e-02
1.245617522520917758e-01
1.235383082644332109e-01
-4.401011068306228541e-03
-6.283710465799661506e-03
-8.135664819608676851e-03
-1.207978223317806481e-03
-3.455477267428233579e-01
-2.790892953737712442e-02
3.967338012024410748e-02
3.234582396696274176e-02
-1.079665469453713368e-02
-4.985932447135454915e-02
-4.712700556625123993e-02
1.098795694827414959e-01
1.225101053931144657e-01
